ordine	data	ora	altezza	temperatura	lido	ventoMS	ventomax	dirventoGN
289	14/11/19	04.000	0.5	13.3	0.56	5	6.7	12
290	14/11/19	04.166	0.5	13.3	0.57	6.5	7.8	11
291	14/11/19	04.333	0.5	13.2	0.6	5.9	6.8	21
292	14/11/19	04.498	0.51	13.2	0.63	5.4	6.5	19
293	14/11/19	04.664	0.51	13.2	0.64	5.6	6.5	29
294	14/11/19	04.830	0.52	13.2	0.63	5.2	6.7	23
295	14/11/19	05.000	0.53	13.3	0.64	5	6	26
296	14/11/19	05.166	0.54	13.4	0.66	4.3	5.6	30
297	14/11/19	05.333	0.56	13.4	0.69	3.6	4.6	40
298	14/11/19	05.498	0.58	13.4	0.69	3.8	4.3	31
299	14/11/19	05.664	0.6	13.4	0.72	3.9	5.4	28
300	14/11/19	05.830	0.62	13.3	0.75	4.8	5.4	29
301	14/11/19	06.000	0.64	13.4	0.77	5.1	6.2	26
302	14/11/19	06.166	0.67	13.5	0.78	5	6	27
303	14/11/19	06.333	0.69	13.7	0.8	4.6	5.6	21
304	14/11/19	06.498	0.71	13.8	0.82	5	6.8	20
305	14/11/19	06.664	0.73	13.8	0.83	5.2	6.4	26
306	14/11/19	06.830	0.75	13.7	0.87	5.4	6.4	24
307	14/11/19	07.000	0.77	13.6	0.89	5.2	5.9	28
308	14/11/19	07.166	0.79	13.5	0.91	4.7	5.7	33
309	14/11/19	07.333	0.8	13.4	0.93	5.5	6.7	35
310	14/11/19	07.498	0.82	13.4	0.97	5.6	6.8	33
311	14/11/19	07.664	0.84	13.4	1	5.7	6.8	27
312	14/11/19	07.830	0.87	13.5	1.04	5.9	6.8	23
313	14/11/19	08.000	0.89	13.5	1.04	5.9	7.6	27
314	14/11/19	08.166	0.91	13.7	1.08	5.8	6.5	29
315	14/11/19	08.333	0.93	13.9	1.1	5.2	6.5	39
316	14/11/19	08.498	0.96	14.1	1.1	5.9	6.7	39
317	14/11/19	08.664	0.99	14.1	1.12	5.7	6.7	36
318	14/11/19	08.830	1.01	14.3	1.13	5.9	7.4	37
319	14/11/19	09.000	1.03	14.4	1.13	6.1	7	39
320	14/11/19	09.166	1.05	14.5	1.14	6.4	8.1	35
321	14/11/19	09.333	1.06	14.5	1.14	6.4	7.8	31
322	14/11/19	09.498	1.07	14.6	1.15	6	7.5	30
323	14/11/19	09.664	1.09	14.7	1.15	6.1	7.6	28
324	14/11/19	09.830	1.1	14.7	1.16	5.7	6.8	27
325	14/11/19	10.000	1.11	14.6	1.16	5.4	6.5	22
326	14/11/19	10.166	1.11	14.7	1.17	6.4	8.7	18
327	14/11/19	10.333	1.12	14.7	1.16	5.9	6.8	19
328	14/11/19	10.498	1.13	14.8	1.15	6	7.1	29
329	14/11/19	10.664	1.13	14.8	1.14	6	7	36
330	14/11/19	10.830	1.13	14.8	1.13	5.5	6.6	34
331	14/11/19	11.000	1.13	14.8	1.12	5.5	7.4	39
332	14/11/19	11.166	1.12	14.7	1.12	5.5	6.4	40
333	14/11/19	11.333	1.12	14.8	1.1	5.3	6.6	39
334	14/11/19	11.498	1.12	14.8	1.08	6.2	7.8	44
335	14/11/19	11.664	1.11	14.9	1.07	6.2	7.2	37
336	14/11/19	11.830	1.1	14.9	1.05	5.5	6.3	43
337	14/11/19	12.000	1.08	14.8	1.02	4.7	6.1	35
338	14/11/19	12.166	1.07	14.8	0.99	5.3	6.2	33
339	14/11/19	12.333	1.05	14.8	0.94	5	5.8	42
340	14/11/19	12.498	1.03	14.8	0.88	5	5.7	40
341	14/11/19	12.664	1	14.7	0.83	4.8	5.6	43
342	14/11/19	12.830	0.97	14.7	0.77	5	6	39
343	14/11/19	13.000	0.94	14.6	0.74	4.9	6.3	47
344	14/11/19	13.166	0.9	14.6	0.71	5.1	6.1	48
345	14/11/19	13.333	0.87	14.4	0.68	5.8	6.5	54
346	14/11/19	13.498	0.84	14.4	0.63	6	6.8	51
347	14/11/19	13.664	0.81	14.2	0.6	5.9	6.6	50
348	14/11/19	13.830	0.78	14	0.57	5.9	7.2	62
349	14/11/19	14.000	0.75	13.9	0.55	6.3	7	65
350	14/11/19	14.166	0.72	13.8	0.53	6.2	6.9	64
351	14/11/19	14.333	0.69	13.7	0.52	5.8	6.6	68
352	14/11/19	14.498	0.66	13.7	0.49	6	7.1	70
353	14/11/19	14.664	0.64	13.6	0.46	6.7	7.3	76
354	14/11/19	14.830	0.6	13.5	0.43	6.5	6.9	71
355	14/11/19	15.000	0.58	13.5	0.39	5.6	5.8	69
356	14/11/19	15.166	0.55	13.4	0.37	5	5.7	70
357	14/11/19	15.333	0.52	13.4	0.35	4.5	5	62
358	14/11/19	15.498	0.49	13.4	0.33	3.5	4.1	45
359	14/11/19	15.664	0.46	13.4	0.31	3.9	4.8	45
360	14/11/19	15.830	0.43	13.4	0.3	5.2	6	50
361	14/11/19	16.000	0.41	13.3	0.28	5.1	5.6	49
362	14/11/19	16.166	0.38	13.3	0.25	5.5	7.1	56
363	14/11/19	16.333	0.36	13.3	0.23	6.3	6.9	61
364	14/11/19	16.498	0.34	13.2	0.23	6.5	7.1	62
365	14/11/19	16.664	0.31	13.1	0.21	5.8	6.4	61
366	14/11/19	16.830	0.29	13.1	0.18	5.4	5.6	58
367	14/11/19	17.000	0.27	13.1	0.18	5	6.1	58
368	14/11/19	17.166	0.25	13	0.19	5.2	6.1	60
369	14/11/19	17.333	0.23	13	0.2	5.1	6	62
370	14/11/19	17.498	0.22	12.9	0.21	5.2	5.9	58
371	14/11/19	17.664	0.2	12.9	0.23	4.5	5	45
372	14/11/19	17.830	0.2	12.9	0.22	4.6	5.5	46
373	14/11/19	18.000	0.19	12.9	0.22	4.9	6.1	49
374	14/11/19	18.166	0.18	12.9	0.23	4.5	5.6	53
375	14/11/19	18.333	0.18	12.8	0.25	5.1	6.2	54
376	14/11/19	18.498	0.18	12.8	0.26	5.9	7.2	58
377	14/11/19	18.664	0.19	12.8	0.27	5.6	6.9	58
378	14/11/19	18.830	0.19	12.9	0.29	6	6.2	50
379	14/11/19	19.000	0.2	12.8	0.31	5.1	5.8	48
380	14/11/19	19.166	0.21	13.1	0.33	5	5.7	47
381	14/11/19	19.333	0.23	13	0.37	5.7	6.6	47
382	14/11/19	19.498	0.24	13.2	0.4	5.9	7.3	50
383	14/11/19	19.664	0.27	13.5	0.44	6.7	7.7	48
384	14/11/19	19.830	0.29	13.4	0.47	7.4	8.8	51
385	14/11/19	20.000	0.31	13.5	0.49	8.2	9.5	42
386	14/11/19	20.166	0.34	13.5	0.51	8.3	9.4	42
387	14/11/19	20.333	0.37	13.6	0.53	7.7	8.9	41
388	14/11/19	20.498	0.39	13.6	0.56	7.8	9.2	45
389	14/11/19	20.664	0.42	13.7	0.59	8.2	9	50
390	14/11/19	20.830	0.46	13.7	0.63	8	8.9	53
391	14/11/19	21.000	0.49	13.8	0.65	7.4	8.5	53
392	14/11/19	21.166	0.52	13.8	0.67	7.2	8.6	49
393	14/11/19	21.333	0.55	13.6	0.7	7.2	8.5	47
394	14/11/19	21.498	0.57	13.5	0.73	7.9	8.9	55
395	14/11/19	21.664	0.6	13.4	0.75	8.8	10.1	56
396	14/11/19	21.830	0.63	13.4	0.79	8.4	9.2	57
397	14/11/19	22.000	0.65	13.5	0.82	8.4	9.8	56
398	14/11/19	22.166	0.68	13.5	0.84	8.1	9.1	53
399	14/11/19	22.333	0.71	13.7	0.88	7.3	8	53
400	14/11/19	22.498	0.74	13.7	0.9	7.2	8.3	48
401	14/11/19	22.664	0.76	13.7	0.92	7.3	8.6	48
402	14/11/19	22.830	0.79	13.7	0.96	8.2	9.6	47
403	14/11/19	23.000	0.82	13.7	0.98	8.4	9.3	49
404	14/11/19	23.166	0.84	13.6	0.97	8.2	9.5	52
405	14/11/19	23.333	0.86	13.6	0.98	8.4	9.7	54
406	14/11/19	23.498	0.88	13.6	0.98	8.5	9.8	56
407	14/11/19	23.664	0.89	13.5	0.99	8.1	9.4	52
408	14/11/19	23.830	0.91	13.5	0.99	8.3	9.3	44
409	15/11/19	00.000	0.92	13.7	0.98	7	7.9	44
410	15/11/19	00.166	0.93	13.8	0.99	7.3	8.6	42
411	15/11/19	00.333	0.94	13.9	1	8.1	10.9	46
412	15/11/19	00.498	0.95	13.9	1	7.9	9.1	45
413	15/11/19	00.664	0.95	14	0.99	7.5	8.7	42
414	15/11/19	00.830	0.96	14.1	0.99	7.4	8.7	38
415	15/11/19	01.000	0.96	14.1	0.99	8.4	10.3	42
416	15/11/19	01.166	0.96	14.2	1	9.8	11.3	31
417	15/11/19	01.333	0.97	14.2	0.99	8.3	8.7	352
418	15/11/19	01.498	0.98	14.2	0.98	7.9	12.4	20
419	15/11/19	01.664	0.97	14.2	0.97	9.2	12.1	50
420	15/11/19	01.830	0.97	14.2	0.97	8.7	10.1	17
421	15/11/19	02.000	0.96	14.1	0.96	7.6	10	343
422	15/11/19	02.166	0.96	14.2	0.93	6.7	7.9	317
423	15/11/19	02.333	0.95	14.1	0.92	4.7	7.6	27
424	15/11/19	02.498	0.94	14.1	0.87	7.1	8.3	24
425	15/11/19	02.664	0.93	14.1	0.86	6.4	8.1	17
426	15/11/19	02.830	0.9	14.1	0.88	6.4	8	30
427	15/11/19	03.000	0.89	14.1	0.87	7.5	9.3	29
428	15/11/19	03.166	0.88	14.1	0.85	6.6	8	27
429	15/11/19	03.333	0.87	14	0.83	7.3	10.2	38
430	15/11/19	03.498	0.84	13.9	0.81	8	8.9	40
431	15/11/19	03.664	0.82	13.8	0.83	7.8	9.5	41
432	15/11/19	03.830	0.82	13.8	0.82	7.7	8.4	42
433	15/11/19	04.000	0.81	13.8	0.8	8.4	9.3	42
