ordine	data	ora	altezza	temperatura	lido	ventoMS	ventomax	dirventoGN
1	12/11/19	04.000	0.38	13.7	0.5	8.1	10.2	26
2	12/11/19	04.166	0.38	13.7	0.53	7.5	9.2	26
3	12/11/19	04.333	0.4	13.7	0.54	7.2	8.9	28
4	12/11/19	04.498	0.41	13.7	0.57	7.5	9	28
5	12/11/19	04.664	0.43	13.7	0.59	7.8	9.2	31
6	12/11/19	04.830	0.44	13.7	0.64	7.3	9.9	32
7	12/11/19	05.000	0.47	13.7	0.68	7.7	10.2	32
8	12/11/19	05.166	0.5	13.6	0.69	8.7	10.4	38
9	12/11/19	05.333	0.53	13.6	0.72	8.9	11.6	41
10	12/11/19	05.498	0.56	13.6	0.75	9.4	11.5	40
11	12/11/19	05.664	0.6	13.6	0.79	10.2	11.9	43
12	12/11/19	05.830	0.63	13.7	0.83	10.1	11.7	49
13	12/11/19	06.000	0.67	13.7	0.82	10.3	13	51
14	12/11/19	06.166	0.69	13.8	0.86	11.4	13.4	53
15	12/11/19	06.333	0.72	13.8	0.9	11.5	13.4	52
16	12/11/19	06.498	0.75	13.7	0.92	10.1	11.1	47
17	12/11/19	06.664	0.78	13.7	0.97	9.9	10.8	47
18	12/11/19	06.830	0.8	13.7	1.02	9.1	10.6	45
19	12/11/19	07.000	0.83	13.7	1.04	8.4	9.6	42
20	12/11/19	07.166	0.86	13.8	1.05	7.6	8.4	37
21	12/11/19	07.333	0.88	13.9	1.09	7.1	8.2	42
22	12/11/19	07.498	0.91	13.9	1.13	7.8	9.5	46
23	12/11/19	07.664	0.94	13.8	1.15	8.2	9.7	42
24	12/11/19	07.830	0.97	13.8	1.15	8.2	10.6	44
25	12/11/19	08.000	0.99	13.8	1.21	8.4	10.8	40
26	12/11/19	08.166	1.02	13.8	1.24	8.8	10.7	43
27	12/11/19	08.333	1.05	13.8	1.24	9.5	11.1	46
28	12/11/19	08.498	1.09	13.9	1.25	10.2	11.8	48
29	12/11/19	08.664	1.1	14.1	1.28	9.3	12.8	51
30	12/11/19	08.830	1.12	14.1	1.31	6.9	11.3	42
31	12/11/19	09.000	1.15	14.1	1.3	9.6	12.1	44
32	12/11/19	09.166	1.17	14.1	1.3	9.2	12.3	47
33	12/11/19	09.333	1.2	14.1	1.31	10.6	12.9	45
34	12/11/19	09.498	1.21	14.3	1.31	10.5	12.4	48
35	12/11/19	09.664	1.23	14.3	1.31	10.4	11.7	47
36	12/11/19	09.830	1.24	14.3	1.31	10.2	11.6	49
37	12/11/19	10.000	1.25	14.2	1.3	9.8	10.8	45
38	12/11/19	10.166	1.26	14.3	1.28	9.5	11	46
39	12/11/19	10.333	1.27	14.4	1.28	9	10.6	44
40	12/11/19	10.498	1.26	14.4	1.24	8.8	10.4	42
41	12/11/19	10.664	1.26	14.4	1.23	9.4	11.3	41
42	12/11/19	10.830	1.26	14.4	1.2	10	11.8	43
43	12/11/19	11.000	1.25	14.4	1.18	9.7	11.4	38
44	12/11/19	11.166	1.24	14.4	1.15	9.3	11	37
45	12/11/19	11.333	1.22	14.3	1.11	9.2	11.2	39
46	12/11/19	11.498	1.2	14.3	1.08	9.2	10.9	42
47	12/11/19	11.664	1.17	14.3	1.03	9	11.2	41
48	12/11/19	11.830	1.15	14.2	1.01	9.5	12	38
49	12/11/19	12.000	1.11	14.2	0.97	9.5	11.2	41
50	12/11/19	12.166	1.09	14.1	0.94	9.1	10.5	35
51	12/11/19	12.333	1.05	14.1	0.91	8.8	10.6	36
52	12/11/19	12.498	1.02	14.1	0.86	9.7	11.3	34
53	12/11/19	12.664	0.99	14.1	0.8	9.5	12.1	32
54	12/11/19	12.830	0.95	14.1	0.78	9.6	12.3	34
55	12/11/19	13.000	0.91	14.1	0.76	9.8	13.2	32
56	12/11/19	13.166	0.89	14.1	0.72	10	12.2	36
57	12/11/19	13.333	0.85	14.1	0.71	10.8	13.2	36
58	12/11/19	13.498	0.83	14	0.65	10.4	12.1	35
59	12/11/19	13.664	0.8	14	0.6	9.7	12.5	37
60	12/11/19	13.830	0.76	13.9	0.59	10.2	13.1	40
61	12/11/19	14.000	0.73	13.9	0.55	9.6	11.9	41
62	12/11/19	14.166	0.7	13.8	0.51	9.8	12	41
63	12/11/19	14.333	0.68	13.8	0.51	10	12.2	38
64	12/11/19	14.498	0.64	13.8	0.46	10.6	12.8	44
65	12/11/19	14.664	0.62	13.7	0.44	10.4	13.4	44
66	12/11/19	14.830	0.58	13.7	0.42	9.8	11.9	39
67	12/11/19	15.000	0.55	13.7	0.41	10.8	13.3	39
68	12/11/19	15.166	0.53	13.7	0.39	11.7	13.8	47
69	12/11/19	15.333	0.5	13.6	0.4	11.8	14.3	47
70	12/11/19	15.498	0.48	13.6	0.44	10.4	14	43
71	12/11/19	15.664	0.45	13.6	0.5	10.7	12.3	41
72	12/11/19	15.830	0.45	13.6	0.47	10.7	13.4	40
73	12/11/19	16.000	0.44	13.6	0.49	10.1	12.1	36
74	12/11/19	16.166	0.44	13.5	0.48	10.8	12.8	35
75	12/11/19	16.333	0.44	13.5	0.48	9.7	10.6	35
76	12/11/19	16.498	0.43	13.5	0.54	9.6	12.7	28
77	12/11/19	16.664	0.43	13.5	0.54	10.1	13	31
78	12/11/19	16.830	0.44	13.5	0.53	10.4	12.8	36
79	12/11/19	17.000	0.45	13.5	0.56	10.7	13.9	41
80	12/11/19	17.166	0.46	13.5	0.6	10.8	13.7	38
81	12/11/19	17.333	0.47	13.6	0.65	10.3	12.4	37
82	12/11/19	17.498	0.5	13.6	0.68	9.3	13.4	36
83	12/11/19	17.664	0.52	13.6	0.7	10.8	13.7	43
84	12/11/19	17.830	0.55	13.6	0.8	12.3	14.8	52
85	12/11/19	18.000	0.58	13.6	0.86	12	14.5	51
86	12/11/19	18.166	0.62	13.6	0.96	11.9	14.1	55
87	12/11/19	18.333	0.67	13.6	1.03	10.5	12.6	40
88	12/11/19	18.498	0.72	13.5	1.08	9.6	12.4	41
89	12/11/19	18.664	0.78	13.5	1.11	9.4	12.1	32
90	12/11/19	18.830	0.83	13.6	1.14	9.9	13.1	28
91	12/11/19	19.000	0.86	13.7	1.13	10.7	13.7	32
92	12/11/19	19.166	0.9	13.7	1.16	11.4	15.4	26
93	12/11/19	19.333	0.92	13.7	1.18	11.7	15.6	30
94	12/11/19	19.498	0.95	13.8	1.23	11.1	13	28
95	12/11/19	19.664	0.98	13.9	1.27	11	14.5	22
96	12/11/19	19.830	1.02	14	1.35	12	15.4	28
97	12/11/19	20.000	1.05	14	1.43	11.9	15.6	28
98	12/11/19	20.166	1.08	14	1.52	13.3	15	19
99	12/11/19	20.333	1.12	13.9	1.58	13.9	17.5	26
100	12/11/19	20.498	1.17	14.1	1.61	13.5	17.6	38
101	12/11/19	20.664	1.22	14.1	1.67	13.6	17.1	36
102	12/11/19	20.830	1.25	14.3	1.6	11	13	36
103	12/11/19	21.000	1.28	14.4	1.65	13.1	17.6	57
104	12/11/19	21.166	1.33	14.4	1.71	14.4	17.2	90
105	12/11/19	21.333	1.38	14.6	1.76	13.7	18.1	78
106	12/11/19	21.498	1.43	14.7	1.81	14.8	16.7	92
107	12/11/19	21.664	1.47	14.7	1.91	12.2	13.4	98
108	12/11/19	21.830	1.52	14.7	1.92	10.6	14.3	146
109	12/11/19	22.000	1.56	14.8	1.88	11.6	14.6	152
110	12/11/19	22.166	1.64	14.9	1.74	14.3	17.4	167
111	12/11/19	22.333	1.7	14.9	1.7	16.3	19.3	179
112	12/11/19	22.498	1.74	15	1.75	25.9	34.9	205
113	12/11/19	22.664	1.83	15	1.56	26.8	32.2	213
114	12/11/19	22.830	1.87	15	1.25	25	29.7	219
115	12/11/19	23.000	1.81	15	1.14	21.9	26.5	224
116	12/11/19	23.166	1.69	15	1.2	19.9	22.4	227
117	12/11/19	23.333	1.6	14.9	1.15	17.4	19.1	226
118	12/11/19	23.498	1.54	14.9	1.25	15.1	17.3	224
119	12/11/19	23.664	1.48	14.9	1.21	13.2	15.2	223
120	12/11/19	23.830	1.43	14.8	1.13	10.8	11.9	224
121	13/11/19	00.000	1.36	14.8	1.11	10.1	11.9	225
122	13/11/19	00.166	1.29	14.7	1.07	9.5	11.7	230
123	13/11/19	00.333	1.25	14.6	1.04	8.5	10	226
124	13/11/19	00.498	1.21	14.6	0.96	6.9	7.8	237
125	13/11/19	00.664	1.18	14.6	0.89	6	7.7	249
126	13/11/19	00.830	1.13	14.5	0.93	5.9	6.9	251
127	13/11/19	01.000	1.08	14.5	0.9	3.9	5.1	255
128	13/11/19	01.166	1.05	14.5	0.89	5.5	7.6	267
129	13/11/19	01.333	1.02	14.5	0.86	6	6.5	274
130	13/11/19	01.498	1.02	14.4	0.78	5.2	5.5	287
131	13/11/19	01.664	0.98	14.4	0.69	5	6.9	339
132	13/11/19	01.830	0.94	14.3	0.61	5.9	7.4	20
133	13/11/19	02.000	0.89	14.3	0.48	3.7	4.7	50
134	13/11/19	02.166	0.84	14.2	0.4	4.2	4.9	53
135	13/11/19	02.333	0.8	14.1	0.48	4.6	5.8	60
136	13/11/19	02.498	0.76	14.1	0.47	4.4	6.1	37
137	13/11/19	02.664	0.73	14	0.46	5.2	6.3	63
138	13/11/19	02.830	0.68	14	0.44	6	8.4	58
139	13/11/19	03.000	0.65	13.9	0.46	7.4	8.1	62
140	13/11/19	03.166	0.62	13.8	0.51	7.7	8.8	63
141	13/11/19	03.333	0.6	13.8	0.54	7.6	8.8	64
142	13/11/19	03.498	0.59	13.8	0.57	7.6	8.1	64
143	13/11/19	03.664	0.58	13.7	0.62	6.7	7.5	57
144	13/11/19	03.830	0.58	13.7	0.7	6.5	6.9	56
145	13/11/19	04.000	0.58	13.7	0.78	6.1	7.5	54
146	13/11/19	04.166	0.6	13.7	0.81	6.5	7.4	60
147	13/11/19	04.333	0.63	13.7	0.77	6.5	7.6	59
148	13/11/19	04.498	0.66	13.9	0.77	6.3	7.2	48
149	13/11/19	04.664	0.68	14	0.83	5.5	6.4	49
150	13/11/19	04.830	0.7	13.8	0.92	5.7	6.5	56
151	13/11/19	05.000	0.75	13.8	0.88	6.3	7.4	57
152	13/11/19	05.166	0.79	13.7	0.87	6.9	8.1	47
153	13/11/19	05.333	0.79	13.7	0.93	6.1	7.1	51
154	13/11/19	05.498	0.81	13.8	0.89	5.9	7.1	51
155	13/11/19	05.664	0.83	13.7	0.91	6.2	6.9	48
156	13/11/19	05.830	0.84	13.7	0.95	6.4	7.9	59
157	13/11/19	06.000	0.87	13.7	0.96	6.6	7.4	52
158	13/11/19	06.166	0.88	13.7	0.97	6.8	7.5	54
159	13/11/19	06.333	0.9	13.8	0.95	6.4	7	55
160	13/11/19	06.498	0.9	13.8	0.99	6.1	6.6	55
161	13/11/19	06.664	0.93	13.8	1.07	5.4	6.4	57
162	13/11/19	06.830	0.94	13.8	1.16	5.2	5.7	56
163	13/11/19	07.000	0.99	13.8	1.23	5.3	6.2	52
164	13/11/19	07.166	1.02	13.9	1.22	5	5.2	40
165	13/11/19	07.333	1.04	13.9	1.24	3.9	4.7	24
166	13/11/19	07.498	1.07	13.9	1.24	3.2	3.6	29
167	13/11/19	07.664	1.11	13.9	1.21	3.1	3.8	34
168	13/11/19	07.830	1.14	14	1.31	3.1	4	31
169	13/11/19	08.000	1.17	14	1.36	2.5	2.9	19
170	13/11/19	08.166	1.21	14	1.4	1.7	2.1	347
171	13/11/19	08.333	1.24	13.9	1.47	1.8	2.4	304
172	13/11/19	08.498	1.26	14	1.58	2.1	2.6	333
173	13/11/19	08.664	1.32	14.1	1.6	3	3.9	318
174	13/11/19	08.830	1.37	14.2	1.57	3.5	4.6	296
175	13/11/19	09.000	1.4	14.3	1.53	4.4	5.3	288
176	13/11/19	09.166	1.41	14.3	1.48	6.8	8.7	274
177	13/11/19	09.333	1.43	14.4	1.43			
178	13/11/19	09.498	1.44	14.4	1.33	7.2	8.7	290
179	13/11/19	09.664	1.43	14.4	1.3	6.4	7.1	301
180	13/11/19	09.830	1.42	14.4	1.35	6.5	7	303
181	13/11/19	10.000	1.4	14.4	1.35	6.9	7.8	303
182	13/11/19	10.166	1.4	14.4	1.39	6.1	6.8	308
183	13/11/19	10.333	1.39	14.4	1.35	6.5	7.6	307
184	13/11/19	10.498	1.38	14.4	1.33	6.2	7.3	303
185	13/11/19	10.664	1.36	14.3	1.28	5.9	6.9	292
186	13/11/19	10.830	1.35	14.4	1.24	6.6	8.4	282
187	13/11/19	11.000	1.32	14.3	1.26	7.2	8.3	274
188	13/11/19	11.166	1.3	14.3	1.26	6.3	7.3	281
189	13/11/19	11.333	1.29	14.3	1.24	6.3	8.4	278
190	13/11/19	11.498	1.28	14.3	1.25	7.8	9.1	275
191	13/11/19	11.664	1.25	14.3	1.23	7.8	8.8	274
192	13/11/19	11.830	1.23	14.3	1.16	7.4	8.5	276
193	13/11/19	12.000	1.22	14.3	1.13	6.4	7.4	274
194	13/11/19	12.166	1.18	14.2	1.04	6.2	7.6	272
195	13/11/19	12.333	1.17	14.2	0.99	6.5	7.8	262
196	13/11/19	12.498	1.13	14.2	0.95	6.8	8.1	267
197	13/11/19	12.664	1.1	14.1	0.9	7.5	8.6	261
198	13/11/19	12.830	1.06	14.1	0.85	7	8	277
199	13/11/19	13.000	1.03	14.1	0.81	6.7	7.5	270
200	13/11/19	13.166	0.99	14	0.74	7	8.2	275
201	13/11/19	13.333	0.96	14	0.66	6.1	7	280
202	13/11/19	13.498	0.91	14	0.6	4.7	5.6	284
203	13/11/19	13.664	0.87	13.9	0.6	5.2	6.4	277
204	13/11/19	13.830	0.83	13.9	0.57	5.4	6.2	281
205	13/11/19	14.000	0.8	13.8	0.6	5.4	6.5	275
206	13/11/19	14.166	0.78	13.8	0.58	6.5	8.4	268
207	13/11/19	14.333	0.75	13.8	0.55	7.6	8.7	270
208	13/11/19	14.498	0.72	13.8	0.53	7.1	8.8	279
209	13/11/19	14.664	0.68	13.8	0.49	6.1	7.1	293
210	13/11/19	14.830	0.65	13.7	0.45	5.7	6.3	298
211	13/11/19	15.000	0.62	13.7	0.44	5.2	6.3	290
212	13/11/19	15.166	0.59	13.7	0.43	5.1	5.8	297
213	13/11/19	15.333	0.56	13.7	0.41	5	6.1	286
214	13/11/19	15.498	0.54	13.7	0.39	4.9	5.8	285
215	13/11/19	15.664	0.51	13.6	0.34	4.6	5.3	286
216	13/11/19	15.830	0.48	13.6	0.34	3.5	4.3	300
217	13/11/19	16.000	0.45	13.6	0.33	3	4	294
218	13/11/19	16.166	0.43	13.6	0.3	3.2	4.1	289
219	13/11/19	16.333	0.41	13.5	0.29	2.6	3.4	293
220	13/11/19	16.498	0.38	13.5	0.26	2.1	2.6	310
221	13/11/19	16.664	0.36	13.5	0.26	1.4	2.1	318
222	13/11/19	16.830	0.34	13.5	0.25	1.3	1.5	356
223	13/11/19	17.000	0.32	13.4	0.24	1.1	1.4	29
224	13/11/19	17.166	0.3	13.4	0.25	1.1	1.2	32
225	13/11/19	17.333	0.29	13.4	0.31	1.3	1.8	27
226	13/11/19	17.498	0.27	13.4	0.37	1.4	1.7	30
227	13/11/19	17.664	0.28	13.4	0.44	1.5	1.8	55
228	13/11/19	17.830	0.29	13.4	0.49	1.4	1.7	66
229	13/11/19	18.000	0.31	13.4	0.49	2	2.6	65
230	13/11/19	18.166	0.33	13.6	0.52	2.1	2.5	58
231	13/11/19	18.333	0.35	13.7	0.54	1.9	2.4	54
232	13/11/19	18.498	0.38	13.7	0.54	2.2	2.5	67
233	13/11/19	18.664	0.4	13.8	0.55	1.8	2.3	69
234	13/11/19	18.830	0.43	13.7	0.56	3.4	4.7	89
235	13/11/19	19.000	0.45	13.6	0.61	3.4	4.1	85
236	13/11/19	19.166	0.49	13.6	0.66	3.9	5.1	86
237	13/11/19	19.333	0.53	13.6	0.7	4.6	5.8	79
238	13/11/19	19.498	0.56	13.6	0.68	4.5	5.4	90
239	13/11/19	19.664	0.58	13.6	0.68	3.9	4.3	91
240	13/11/19	19.830	0.6	13.6	0.63	4.2	4.9	95
241	13/11/19	20.000	0.61	13.6	0.61	3.8	4.6	106
242	13/11/19	20.166	0.62	13.7	0.62	3.6	4	103
243	13/11/19	20.333	0.63	13.7	0.66	3.6	4.5	91
244	13/11/19	20.498	0.64	13.7	0.69	3.9	4.5	57
245	13/11/19	20.664	0.66	13.7	0.71	3.7	4.4	66
246	13/11/19	20.830	0.67	13.6	0.73	4.1	5.1	82
247	13/11/19	21.000	0.68	13.6	0.74	3.6	4.1	97
248	13/11/19	21.166	0.69	13.5	0.72	3.1	4.5	50
249	13/11/19	21.333	0.7	13.6	0.73	3.7	4.3	51
250	13/11/19	21.498	0.71	13.4	0.77	3.6	3.9	44
251	13/11/19	21.664	0.73	13.3	0.77	3.8	4.8	63
252	13/11/19	21.830	0.74	13.3	0.77	4.5	5.3	60
253	13/11/19	22.000	0.75	13.3	0.78	3.5	3.9	55
254	13/11/19	22.166	0.76	13.3	0.77	3.9	4.8	54
255	13/11/19	22.333	0.76	13.4	0.77	4.6	5.5	62
256	13/11/19	22.498	0.77	13.4	0.74	5.3	6.8	60
257	13/11/19	22.664	0.77	13.5	0.75	6.5	8.1	59
258	13/11/19	22.830	0.77	13.5	0.73	7.1	8.1	60
259	13/11/19	23.000	0.77	13.5	0.73	6.9	8.4	59
260	13/11/19	23.166	0.77	13.4	0.76	6.8	7.7	43
261	13/11/19	23.333	0.76	13.4	0.78	5.6	6.7	51
262	13/11/19	23.498	0.77	13.4	0.74	7	8.8	58
263	13/11/19	23.664	0.76	13.4	0.74	7.3	9	58
264	13/11/19	23.830	0.75	13.4	0.73	6.9	7.7	47
265	14/11/19	00.000	0.74	13.4	0.71	6.7	7.4	47
266	14/11/19	00.166	0.73	13.4	0.7	6.1	7.4	51
267	14/11/19	00.333	0.73	13.4	0.68	5.3	7.2	50
268	14/11/19	00.498	0.72	13.4	0.7	5.4	6.1	46
269	14/11/19	00.664	0.71	13.3	0.72	6.1	6.8	47
270	14/11/19	00.830	0.71	13.3	0.72	4.9	5.6	42
271	14/11/19	01.000	0.7	13.3	0.71	4.8	5.7	40
272	14/11/19	01.166	0.7	13.3	0.69	4.6	5.7	37
273	14/11/19	01.333	0.69	13.3	0.65	4.4	4.9	39
274	14/11/19	01.498	0.68	13.3	0.64	4.4	5.3	35
275	14/11/19	01.664	0.66	13.3	0.63	4.1	5.4	34
276	14/11/19	01.830	0.65	13.4	0.64	4.2	5.4	36
277	14/11/19	02.000	0.64	13.4	0.61	4.6	6.5	30
278	14/11/19	02.166	0.64	13.4	0.59	5	6.2	29
279	14/11/19	02.333	0.62	13.4	0.57	5.1	6.1	32
280	14/11/19	02.498	0.6	13.4	0.54	5.7	7.8	24
281	14/11/19	02.664	0.58	13.4	0.54	5.4	6.3	25
282	14/11/19	02.830	0.56	13.4	0.56	5.4	5.9	28
283	14/11/19	03.000	0.55	13.4	0.56	5.2	6.5	34
284	14/11/19	03.166	0.54	13.4	0.54	4.5	5	40
285	14/11/19	03.333	0.53	13.4	0.55	4.5	5.3	40
286	14/11/19	03.498	0.52	13.4	0.54	4.8	5.6	33
287	14/11/19	03.664	0.51	13.3	0.53	4.4	4.9	24
288	14/11/19	03.830	0.5	13.3	0.53	4.2	5.4	23
289	14/11/19	04.000	0.5	13.3	0.56	5	6.7	12
290	14/11/19	04.166	0.5	13.3	0.57	6.5	7.8	11
291	14/11/19	04.333	0.5	13.2	0.6	5.9	6.8	21
292	14/11/19	04.498	0.51	13.2	0.63	5.4	6.5	19
293	14/11/19	04.664	0.51	13.2	0.64	5.6	6.5	29
294	14/11/19	04.830	0.52	13.2	0.63	5.2	6.7	23
295	14/11/19	05.000	0.53	13.3	0.64	5	6	26
296	14/11/19	05.166	0.54	13.4	0.66	4.3	5.6	30
297	14/11/19	05.333	0.56	13.4	0.69	3.6	4.6	40
298	14/11/19	05.498	0.58	13.4	0.69	3.8	4.3	31
299	14/11/19	05.664	0.6	13.4	0.72	3.9	5.4	28
300	14/11/19	05.830	0.62	13.3	0.75	4.8	5.4	29
301	14/11/19	06.000	0.64	13.4	0.77	5.1	6.2	26
302	14/11/19	06.166	0.67	13.5	0.78	5	6	27
303	14/11/19	06.333	0.69	13.7	0.8	4.6	5.6	21
304	14/11/19	06.498	0.71	13.8	0.82	5	6.8	20
305	14/11/19	06.664	0.73	13.8	0.83	5.2	6.4	26
306	14/11/19	06.830	0.75	13.7	0.87	5.4	6.4	24
307	14/11/19	07.000	0.77	13.6	0.89	5.2	5.9	28
308	14/11/19	07.166	0.79	13.5	0.91	4.7	5.7	33
309	14/11/19	07.333	0.8	13.4	0.93	5.5	6.7	35
310	14/11/19	07.498	0.82	13.4	0.97	5.6	6.8	33
311	14/11/19	07.664	0.84	13.4	1	5.7	6.8	27
312	14/11/19	07.830	0.87	13.5	1.04	5.9	6.8	23
313	14/11/19	08.000	0.89	13.5	1.04	5.9	7.6	27
314	14/11/19	08.166	0.91	13.7	1.08	5.8	6.5	29
315	14/11/19	08.333	0.93	13.9	1.1	5.2	6.5	39
316	14/11/19	08.498	0.96	14.1	1.1	5.9	6.7	39
317	14/11/19	08.664	0.99	14.1	1.12	5.7	6.7	36
318	14/11/19	08.830	1.01	14.3	1.13	5.9	7.4	37
319	14/11/19	09.000	1.03	14.4	1.13	6.1	7	39
320	14/11/19	09.166	1.05	14.5	1.14	6.4	8.1	35
321	14/11/19	09.333	1.06	14.5	1.14	6.4	7.8	31
322	14/11/19	09.498	1.07	14.6	1.15	6	7.5	30
323	14/11/19	09.664	1.09	14.7	1.15	6.1	7.6	28
324	14/11/19	09.830	1.1	14.7	1.16	5.7	6.8	27
325	14/11/19	10.000	1.11	14.6	1.16	5.4	6.5	22
326	14/11/19	10.166	1.11	14.7	1.17	6.4	8.7	18
327	14/11/19	10.333	1.12	14.7	1.16	5.9	6.8	19
328	14/11/19	10.498	1.13	14.8	1.15	6	7.1	29
329	14/11/19	10.664	1.13	14.8	1.14	6	7	36
330	14/11/19	10.830	1.13	14.8	1.13	5.5	6.6	34
331	14/11/19	11.000	1.13	14.8	1.12	5.5	7.4	39
332	14/11/19	11.166	1.12	14.7	1.12	5.5	6.4	40
333	14/11/19	11.333	1.12	14.8	1.1	5.3	6.6	39
334	14/11/19	11.498	1.12	14.8	1.08	6.2	7.8	44
335	14/11/19	11.664	1.11	14.9	1.07	6.2	7.2	37
336	14/11/19	11.830	1.1	14.9	1.05	5.5	6.3	43
337	14/11/19	12.000	1.08	14.8	1.02	4.7	6.1	35
338	14/11/19	12.166	1.07	14.8	0.99	5.3	6.2	33
339	14/11/19	12.333	1.05	14.8	0.94	5	5.8	42
340	14/11/19	12.498	1.03	14.8	0.88	5	5.7	40
341	14/11/19	12.664	1	14.7	0.83	4.8	5.6	43
342	14/11/19	12.830	0.97	14.7	0.77	5	6	39
343	14/11/19	13.000	0.94	14.6	0.74	4.9	6.3	47
344	14/11/19	13.166	0.9	14.6	0.71	5.1	6.1	48
345	14/11/19	13.333	0.87	14.4	0.68	5.8	6.5	54
346	14/11/19	13.498	0.84	14.4	0.63	6	6.8	51
347	14/11/19	13.664	0.81	14.2	0.6	5.9	6.6	50
348	14/11/19	13.830	0.78	14	0.57	5.9	7.2	62
349	14/11/19	14.000	0.75	13.9	0.55	6.3	7	65
350	14/11/19	14.166	0.72	13.8	0.53	6.2	6.9	64
351	14/11/19	14.333	0.69	13.7	0.52	5.8	6.6	68
352	14/11/19	14.498	0.66	13.7	0.49	6	7.1	70
353	14/11/19	14.664	0.64	13.6	0.46	6.7	7.3	76
354	14/11/19	14.830	0.6	13.5	0.43	6.5	6.9	71
355	14/11/19	15.000	0.58	13.5	0.39	5.6	5.8	69
356	14/11/19	15.166	0.55	13.4	0.37	5	5.7	70
357	14/11/19	15.333	0.52	13.4	0.35	4.5	5	62
358	14/11/19	15.498	0.49	13.4	0.33	3.5	4.1	45
359	14/11/19	15.664	0.46	13.4	0.31	3.9	4.8	45
360	14/11/19	15.830	0.43	13.4	0.3	5.2	6	50
361	14/11/19	16.000	0.41	13.3	0.28	5.1	5.6	49
362	14/11/19	16.166	0.38	13.3	0.25	5.5	7.1	56
363	14/11/19	16.333	0.36	13.3	0.23	6.3	6.9	61
364	14/11/19	16.498	0.34	13.2	0.23	6.5	7.1	62
365	14/11/19	16.664	0.31	13.1	0.21	5.8	6.4	61
366	14/11/19	16.830	0.29	13.1	0.18	5.4	5.6	58
367	14/11/19	17.000	0.27	13.1	0.18	5	6.1	58
368	14/11/19	17.166	0.25	13	0.19	5.2	6.1	60
369	14/11/19	17.333	0.23	13	0.2	5.1	6	62
370	14/11/19	17.498	0.22	12.9	0.21	5.2	5.9	58
371	14/11/19	17.664	0.2	12.9	0.23	4.5	5	45
372	14/11/19	17.830	0.2	12.9	0.22	4.6	5.5	46
373	14/11/19	18.000	0.19	12.9	0.22	4.9	6.1	49
374	14/11/19	18.166	0.18	12.9	0.23	4.5	5.6	53
375	14/11/19	18.333	0.18	12.8	0.25	5.1	6.2	54
376	14/11/19	18.498	0.18	12.8	0.26	5.9	7.2	58
377	14/11/19	18.664	0.19	12.8	0.27	5.6	6.9	58
378	14/11/19	18.830	0.19	12.9	0.29	6	6.2	50
379	14/11/19	19.000	0.2	12.8	0.31	5.1	5.8	48
380	14/11/19	19.166	0.21	13.1	0.33	5	5.7	47
381	14/11/19	19.333	0.23	13	0.37	5.7	6.6	47
382	14/11/19	19.498	0.24	13.2	0.4	5.9	7.3	50
383	14/11/19	19.664	0.27	13.5	0.44	6.7	7.7	48
384	14/11/19	19.830	0.29	13.4	0.47	7.4	8.8	51
385	14/11/19	20.000	0.31	13.5	0.49	8.2	9.5	42
386	14/11/19	20.166	0.34	13.5	0.51	8.3	9.4	42
387	14/11/19	20.333	0.37	13.6	0.53	7.7	8.9	41
388	14/11/19	20.498	0.39	13.6	0.56	7.8	9.2	45
389	14/11/19	20.664	0.42	13.7	0.59	8.2	9	50
390	14/11/19	20.830	0.46	13.7	0.63	8	8.9	53
391	14/11/19	21.000	0.49	13.8	0.65	7.4	8.5	53
392	14/11/19	21.166	0.52	13.8	0.67	7.2	8.6	49
393	14/11/19	21.333	0.55	13.6	0.7	7.2	8.5	47
394	14/11/19	21.498	0.57	13.5	0.73	7.9	8.9	55
395	14/11/19	21.664	0.6	13.4	0.75	8.8	10.1	56
396	14/11/19	21.830	0.63	13.4	0.79	8.4	9.2	57
397	14/11/19	22.000	0.65	13.5	0.82	8.4	9.8	56
398	14/11/19	22.166	0.68	13.5	0.84	8.1	9.1	53
399	14/11/19	22.333	0.71	13.7	0.88	7.3	8	53
400	14/11/19	22.498	0.74	13.7	0.9	7.2	8.3	48
401	14/11/19	22.664	0.76	13.7	0.92	7.3	8.6	48
402	14/11/19	22.830	0.79	13.7	0.96	8.2	9.6	47
403	14/11/19	23.000	0.82	13.7	0.98	8.4	9.3	49
404	14/11/19	23.166	0.84	13.6	0.97	8.2	9.5	52
405	14/11/19	23.333	0.86	13.6	0.98	8.4	9.7	54
406	14/11/19	23.498	0.88	13.6	0.98	8.5	9.8	56
407	14/11/19	23.664	0.89	13.5	0.99	8.1	9.4	52
408	14/11/19	23.830	0.91	13.5	0.99	8.3	9.3	44
409	15/11/19	00.000	0.92	13.7	0.98	7	7.9	44
410	15/11/19	00.166	0.93	13.8	0.99	7.3	8.6	42
411	15/11/19	00.333	0.94	13.9	1	8.1	10.9	46
412	15/11/19	00.498	0.95	13.9	1	7.9	9.1	45
413	15/11/19	00.664	0.95	14	0.99	7.5	8.7	42
414	15/11/19	00.830	0.96	14.1	0.99	7.4	8.7	38
415	15/11/19	01.000	0.96	14.1	0.99	8.4	10.3	42
416	15/11/19	01.166	0.96	14.2	1	9.8	11.3	31
417	15/11/19	01.333	0.97	14.2	0.99	8.3	8.7	352
418	15/11/19	01.498	0.98	14.2	0.98	7.9	12.4	20
419	15/11/19	01.664	0.97	14.2	0.97	9.2	12.1	50
420	15/11/19	01.830	0.97	14.2	0.97	8.7	10.1	17
421	15/11/19	02.000	0.96	14.1	0.96	7.6	10	343
422	15/11/19	02.166	0.96	14.2	0.93	6.7	7.9	317
423	15/11/19	02.333	0.95	14.1	0.92	4.7	7.6	27
424	15/11/19	02.498	0.94	14.1	0.87	7.1	8.3	24
425	15/11/19	02.664	0.93	14.1	0.86	6.4	8.1	17
426	15/11/19	02.830	0.9	14.1	0.88	6.4	8	30
427	15/11/19	03.000	0.89	14.1	0.87	7.5	9.3	29
428	15/11/19	03.166	0.88	14.1	0.85	6.6	8	27
429	15/11/19	03.333	0.87	14	0.83	7.3	10.2	38
430	15/11/19	03.498	0.84	13.9	0.81	8	8.9	40
431	15/11/19	03.664	0.82	13.8	0.83	7.8	9.5	41
432	15/11/19	03.830	0.82	13.8	0.82	7.7	8.4	42
433	15/11/19	04.000	0.81	13.8	0.8	8.4	9.3	42
434	15/11/19	04.166	0.8	13.8	0.81	8	9.7	42
435	15/11/19	04.333	0.8	13.8	0.8	7.3	10	34
436	15/11/19	04.498	0.79	13.8	0.82	6.8	7.2	33
437	15/11/19	04.664	0.78	13.8	0.85	6.8	8.6	33
438	15/11/19	04.830	0.79	13.9	0.84	7.9	11.9	38
439	15/11/19	05.000	0.79	13.9	0.86	5.2	6.8	38
440	15/11/19	05.166	0.8	13.8	0.88	6.9	11.9	139
441	15/11/19	05.333	0.8	13.7	0.89	10.3	13.6	153
442	15/11/19	05.498	0.8	13.5	0.89	11.6	14	146
443	15/11/19	05.664	0.81	13.4	0.92	11.9	14.3	152
444	15/11/19	05.830	0.83	13.4	0.94	12.6	14.9	153
445	15/11/19	06.000	0.85	13.5	0.95	12.9	15.6	147
446	15/11/19	06.166	0.87	13.5	0.98	13.8	16.9	146
447	15/11/19	06.333	0.88	13.7	1.01	14.6	17.3	149
448	15/11/19	06.498	0.9	13.9	1.03	14.4	18.2	151
449	15/11/19	06.664	0.92	13.9	1.08	14.6	16.7	152
450	15/11/19	06.830	0.95	13.8	1.1	13.6	16.2	150
451	15/11/19	07.000	0.98	13.9	1.12	15.5	17.5	154
452	15/11/19	07.166	1	13.9	1.14	14.7	16.7	150
453	15/11/19	07.333	1.03	13.9	1.17	13.8	16.8	152
454	15/11/19	07.498	1.05	13.9	1.19	14.3	17.4	147
455	15/11/19	07.664	1.08	14	1.2	15	16.7	150
456	15/11/19	07.830	1.12	14	1.23	14.6	17.5	151
457	15/11/19	08.000	1.14	14	1.25	14.2	16	150
458	15/11/19	08.166	1.16	14	1.28	14.3	16.2	146
459	15/11/19	08.333	1.18	14	1.31	13.9	17.5	149
460	15/11/19	08.498	1.22	14.1	1.34	14.6	17.6	149
461	15/11/19	08.664	1.25	14.3	1.39	15.2	18.5	152
462	15/11/19	08.830	1.27	14.4	1.39	15.4	18	152
463	15/11/19	09.000	1.3	14.5	1.38	15.6	17.6	152
464	15/11/19	09.166	1.32	14.5	1.41	15.6	17.5	153
465	15/11/19	09.333	1.33	14.5	1.43	14.7	20.5	156
466	15/11/19	09.498	1.37	14.4	1.47	14.8	17.9	159
467	15/11/19	09.664	1.39	14.4	1.48	15.2	17.5	156
468	15/11/19	09.830	1.41	14.5	1.5	14.5	16.1	155
469	15/11/19	10.000	1.44	14.4	1.49	15.2	18.4	154
470	15/11/19	10.166	1.45	14.4	1.49	14.6	16.5	150
471	15/11/19	10.333	1.46	14.4	1.52	13.8	16.5	147
472	15/11/19	10.498	1.48	14.4	1.53	14.5	17.3	150
473	15/11/19	10.664	1.5	14.4	1.53	14.9	16.5	151
474	15/11/19	10.830	1.51	14.4	1.5	14	15	152
475	15/11/19	11.000	1.52	14.4	1.49	14.8	16.8	153
476	15/11/19	11.166	1.53	14.4	1.49	14	15.6	154
477	15/11/19	11.333	1.53	14.4	1.49	14.2	16.4	155
478	15/11/19	11.498	1.53	14.4	1.48	14	16.3	157
479	15/11/19	11.664	1.54	14.5	1.48	13.3	15.6	158
480	15/11/19	11.830	1.53	14.4	1.46	13.5	16.9	160
481	15/11/19	12.000	1.52	14.4	1.45	13.9	16.8	158
482	15/11/19	12.166	1.51	14.4	1.41	13.8	16.8	159
483	15/11/19	12.333	1.5	14.4	1.37	14.1	16.1	159
484	15/11/19	12.498	1.49	14.4	1.37	13.5	16	160
485	15/11/19	12.664	1.46	14.4	1.32	13.2	14.2	158
486	15/11/19	12.830	1.45	14.4	1.27	13.8	16.1	155
487	15/11/19	13.000	1.42	14.4	1.24	14.7	16.5	153
488	15/11/19	13.166	1.39	14.4	1.23	15.5	17.3	155
489	15/11/19	13.333	1.36	14.4	1.21	15.3	18	153
490	15/11/19	13.498	1.34	14.4	1.2	13.8	15.6	155
491	15/11/19	13.664	1.31	14.4	1.15	12.5	14.9	162
492	15/11/19	13.830	1.29	14.4	1.05	9.6	10.8	160
493	15/11/19	14.000	1.26	14.3	0.99	11	14.2	168
494	15/11/19	14.166	1.22	14.3	0.96	10.9	12.1	176
495	15/11/19	14.333	1.18	14.2	0.92	6.9	8.5	173
496	15/11/19	14.498	1.15	14.2	0.84	7.7	8.8	161
497	15/11/19	14.664	1.1	14.2	0.79	6.1	6.8	162
498	15/11/19	14.830	1.05	14.1	0.81	7.4	13.6	146
499	15/11/19	15.000	1.01	14.1	0.86	8.3	10.6	164
500	15/11/19	15.166	0.99	14	0.76	10.3	12.1	167
501	15/11/19	15.333	0.96	13.9	0.75	8.7	10.2	175
502	15/11/19	15.498	0.93	13.9	0.7	7.5	8	191
503	15/11/19	15.664	0.9	13.8	0.66	7	9.1	181
504	15/11/19	15.830	0.87	13.8	0.66	9	12.9	155
505	15/11/19	16.000	0.84	13.7	0.69	10.2	11.4	160
506	15/11/19	16.166	0.82	13.7	0.69	8.8	9.2	183
507	15/11/19	16.333	0.79	13.6	0.71	9.6	13.2	164
508	15/11/19	16.498	0.78	13.6	0.69	11.9	15.5	167
509	15/11/19	16.664	0.76	13.6	0.63	12.7	14.8	161
510	15/11/19	16.830	0.73	13.6	0.6	14	16.4	162
511	15/11/19	17.000	0.72	13.5	0.59	15.5	19.2	155
512	15/11/19	17.166	0.71	13.5	0.59	16.7	19.3	153
513	15/11/19	17.333	0.69	13.5	0.57	17.1	18.2	147
514	15/11/19	17.498	0.67	13.5	0.58	16.1	19.2	149
515	15/11/19	17.664	0.66	13.5	0.56	15.1	17.1	153
516	15/11/19	17.830	0.65	13.5	0.56	14.3	18	162
517	15/11/19	18.000	0.65	13.5	0.58	13.5	15.5	162
518	15/11/19	18.166	0.65	13.4	0.6	12.3	14.3	176
519	15/11/19	18.333	0.63	13.4	0.59	12	13.9	195
520	15/11/19	18.498	0.63	13.4	0.61	12.6	16	190
521	15/11/19	18.664	0.61	13.4	0.64	13	15.6	192
522	15/11/19	18.830	0.6	13.4	0.67	13.3	15.2	198
523	15/11/19	19.000	0.61	13.4	0.65	11.2	12.4	212
524	15/11/19	19.166	0.61	13.4	0.68	10.4	12.1	223
525	15/11/19	19.333	0.6	13.5	0.7	9.5	11.3	216
526	15/11/19	19.498	0.61	13.5	0.69	9.9	11.2	210
527	15/11/19	19.664	0.6	13.5	0.71	9.3	9.9	209
528	15/11/19	19.830	0.62	13.6	0.7	8.6	10	208
529	15/11/19	20.000	0.64	13.7	0.68	9	9.5	218
530	15/11/19	20.166	0.64	13.6	0.75	8.6	9.5	209
531	15/11/19	20.333	0.66	13.7	0.8	7.7	8.4	206
532	15/11/19	20.498	0.68	13.7	0.79	6.3	7	187
533	15/11/19	20.664	0.69	13.7	0.83	6	7.8	158
534	15/11/19	20.830	0.72	13.7	0.85	7.4	9.7	171
535	15/11/19	21.000	0.74	13.7	0.93	7.8	9.3	191
536	15/11/19	21.166	0.78	13.6	0.98	7.9	8.6	192
537	15/11/19	21.333	0.81	13.6	0.95	7.6	11.3	207
538	15/11/19	21.498	0.84	13.6	1	7.8	8.5	268
539	15/11/19	21.664	0.86	13.6	1.06	8.3	10	268
540	15/11/19	21.830	0.88	13.6	1.11	6.6	7	264
541	15/11/19	22.000	0.91	13.6	1.16	6	7.2	263
542	15/11/19	22.166	0.96	13.7	1.12	5.2	5.8	261
543	15/11/19	22.333	0.98	13.8	1.18	4.6	5.4	266
544	15/11/19	22.498	1.01	13.8	1.22	4.7	5.2	266
545	15/11/19	22.664	1.03	13.7	1.22	4.7	4.9	266
546	15/11/19	22.830	1.07	13.7	1.22	4	4.6	277
547	15/11/19	23.000	1.09	13.7	1.2	4.2	5	283
548	15/11/19	23.166	1.11	13.7	1.18	3.9	4.5	281
549	15/11/19	23.333	1.13	13.7	1.21	2.8	3.3	277
550	15/11/19	23.498	1.15	13.8	1.14	2.6	3.6	276
551	15/11/19	23.664	1.14	13.8	1.15	2.5	3	291
552	15/11/19	23.830	1.15	13.9	1.14	1.4	1.7	308
553	16/11/19	00.000	1.15	13.8	1.09	0.8	1.4	0
554	16/11/19	00.166	1.14	13.8	1.16	1.7	2.5	297
555	16/11/19	00.333	1.15	13.9	1.16	2.5	4	243
556	16/11/19	00.498	1.15	13.9	1.1	1.6	2.3	333
557	16/11/19	00.664	1.14	13.9	1.11	1.9	2.7	20
558	16/11/19	00.830	1.12	13.9	1.06	1.5	2.1	358
559	16/11/19	01.000	1.12	13.8	1.01	1.5	1.8	11
560	16/11/19	01.166	1.1	13.8	1.02	1.3	2.1	2
561	16/11/19	01.333	1.09	13.8	0.98	1.9	2	357
562	16/11/19	01.498	1.06	13.8	1	1.8	2.1	6
563	16/11/19	01.664	1.04	13.8	0.94	2.1	2.4	11
564	16/11/19	01.830	1.01	13.8	0.91	2.1	2.6	5
565	16/11/19	02.000	0.99	13.8	0.9	1.7	2.1	6
566	16/11/19	02.166	0.97	13.8	0.89	2	2.2	49
567	16/11/19	02.333	0.94	13.8	0.88	1.6	1.8	34
568	16/11/19	02.498	0.92	13.8	0.87	1.6	1.8	359
569	16/11/19	02.664	0.91	13.8	0.86	1	1.2	52
570	16/11/19	02.830	0.89	13.8	0.85	1.2	1.4	77
571	16/11/19	03.000	0.88	13.8	0.84	1.4	1.9	86
572	16/11/19	03.166	0.85	13.7	0.86	1.7	2.7	107
573	16/11/19	03.333	0.85	13.7	0.85	2.4	3	113
574	16/11/19	03.498	0.84	13.6	0.81	3	3.5	106
575	16/11/19	03.664	0.82	13.6	0.8	3.6	4.1	108
576	16/11/19	03.830	0.81	13.6	0.74	4	4.8	101
577	16/11/19	04.000	0.8	13.6	0.73	5.3	6.7	107
578	16/11/19	04.166	0.79	13.5	0.69	5.7	6.2	101
579	16/11/19	04.333	0.77	13.5	0.63	5.1	5.8	96
580	16/11/19	04.498	0.74	13.5	0.59	5.2	6.2	95
581	16/11/19	04.664	0.71	13.5	0.62	5.7	6.4	98
582	16/11/19	04.830	0.68	13.5	0.63	5.5	6.2	93
583	16/11/19	05.000	0.67	13.5	0.6	5.7	6.7	107
584	16/11/19	05.166	0.65	13.4	0.63	5.7	6.4	112
585	16/11/19	05.333	0.64	13.4	0.61	5.5	6.1	110
586	16/11/19	05.498	0.62	13.4	0.62	5.3	6.3	118
587	16/11/19	05.664	0.61	13.4	0.67	5.5	6.2	132
588	16/11/19	05.830	0.61	13.4	0.71	4.9	5.6	145
589	16/11/19	06.000	0.62	13.4	0.69	3.8	4.1	154
590	16/11/19	06.166	0.63	13.4	0.71	5	9	204
591	16/11/19	06.333	0.64	13.4	0.68	7.3	10.7	208
592	16/11/19	06.498	0.64	13.5	0.73	8.2	10.1	244
593	16/11/19	06.664	0.64	13.5	0.71	7	8.8	232
594	16/11/19	06.830	0.66	13.6	0.7	7.9	8.9	230
595	16/11/19	07.000	0.66	13.6	0.72	8.2	10.1	234
596	16/11/19	07.166	0.67	13.6	0.73	9.8	11.4	236
597	16/11/19	07.333	0.68	13.6	0.71	9.5	10.9	244
598	16/11/19	07.498	0.67	13.6	0.73	8.4	9	238
599	16/11/19	07.664	0.68	13.6	0.72	8	9	243
600	16/11/19	07.830	0.7	13.6	0.76	8.6	9.8	244
601	16/11/19	08.000	0.71	13.6	0.8	8.4	10.3	241
602	16/11/19	08.166	0.72	13.6	0.82	8.1	9.1	240
603	16/11/19	08.333	0.73	13.6	0.85	7.4	8.2	246
604	16/11/19	08.498	0.74	13.6	0.86	6.4	7.1	254
605	16/11/19	08.664	0.77	13.6	0.85	6.1	7.7	260
606	16/11/19	08.830	0.78	13.6	0.91	5.5	6.2	259
607	16/11/19	09.000	0.8	13.6	0.93	5.6	6.2	256
608	16/11/19	09.166	0.82	13.6	0.93	5.4	6.7	252
609	16/11/19	09.333	0.85	13.6	0.95	5.5	5.8	262
610	16/11/19	09.498	0.86	13.6	0.95	5.8	6.7	280
611	16/11/19	09.664	0.88	13.6	0.93	5.4	5.8	302
612	16/11/19	09.830	0.9	13.6	0.93	5.1	5.3	312
613	16/11/19	10.000	0.9	13.6	0.97	4.1	4.7	311
614	16/11/19	10.166	0.91	13.6	0.96	3.8	4	313
615	16/11/19	10.333	0.93	13.6	1	3.3	4	322
616	16/11/19	10.498	0.94	13.7	1.03	3	4.2	311
617	16/11/19	10.664	0.96	13.7	0.97	2.9	3.5	314
618	16/11/19	10.830	0.96	13.7	0.96	3.6	4.3	313
619	16/11/19	11.000	0.96	13.7	0.97	3.9	4.4	321
620	16/11/19	11.166	0.96	13.7	0.96	2.8	3.4	332
621	16/11/19	11.333	0.97	13.7	0.92	2.7	3	324
622	16/11/19	11.498	0.97	13.7	0.9	2	2.7	358
623	16/11/19	11.664	0.96	13.7	0.9	1.6	1.8	347
624	16/11/19	11.830	0.95	13.8	0.87	1.3	1.5	33
625	16/11/19	12.000	0.94	13.7	0.85	1.6	2.3	56
626	16/11/19	12.166	0.93	13.7	0.86	1.9	2.3	52
627	16/11/19	12.333	0.91	13.7	0.85	1.3	1.6	354
628	16/11/19	12.498	0.9	13.7	0.82	1.6	2.3	25
629	16/11/19	12.664	0.88	13.7	0.79	2.4	3.5	52
630	16/11/19	12.830	0.85	13.7	0.75	2.7	3.2	54
631	16/11/19	13.000	0.83	13.7	0.74	2.4	2.8	61
632	16/11/19	13.166	0.81	13.7	0.72	2.6	3.1	59
633	16/11/19	13.333	0.79	13.7	0.69	2.6	3	61
634	16/11/19	13.498	0.77	13.7	0.65	2.6	2.9	63
635	16/11/19	13.664	0.75	13.7	0.62	2.4	3	69
636	16/11/19	13.830	0.72	13.7	0.62	2.9	3.4	66
637	16/11/19	14.000	0.69	13.7	0.6	2.9	3.4	69
638	16/11/19	14.166	0.67	13.7	0.55	2.8	3.3	62
639	16/11/19	14.333	0.65	13.7	0.49	2.6	3.3	68
640	16/11/19	14.498	0.61	13.6	0.48	2.7	2.9	64
641	16/11/19	14.664	0.59	13.6	0.47	2.7	3.1	33
642	16/11/19	14.830	0.56	13.6	0.45	2.8	3.5	26
643	16/11/19	15.000	0.53	13.6	0.41	2.6	3.1	20
644	16/11/19	15.166	0.51	13.6	0.35	3.1	4	2
645	16/11/19	15.333	0.48	13.5	0.37	3.7	4.5	349
646	16/11/19	15.498	0.45	13.5	0.36	3.7	4.3	12
647	16/11/19	15.664	0.43	13.5	0.33	3.2	3.6	33
648	16/11/19	15.830	0.43	13.5	0.35	3.7	4.8	48
649	16/11/19	16.000	0.38	13.4	0.31	4	4.4	48
650	16/11/19	16.166	0.36	13.4	0.26	3.8	4.2	35
651	16/11/19	16.333	0.35	13.4	0.27	3.8	4.7	30
652	16/11/19	16.498	0.32	13.3	0.24	3.9	4.4	24
653	16/11/19	16.664	0.31	13.3	0.2	3.4	4	30
654	16/11/19	16.830	0.28	13.3	0.2	3.5	4.2	35
655	16/11/19	17.000	0.26	13.3	0.23	3.4	4.1	37
656	16/11/19	17.166	0.24	13.2	0.25	4.2	5.2	37
657	16/11/19	17.333	0.23	13.2	0.24	4.1	4.7	35
658	16/11/19	17.498	0.23	13.2	0.22	4.2	4.9	34
659	16/11/19	17.664	0.21	13.2	0.22	4.3	5	36
660	16/11/19	17.830	0.2	13.1	0.24	4.6	5.2	43
661	16/11/19	18.000	0.19	13.1	0.27	4.8	5.6	54
662	16/11/19	18.166	0.19	13.1	0.27	4.8	5.3	56
663	16/11/19	18.333	0.2	13.2	0.28	4	4.6	33
664	16/11/19	18.498	0.2	13.2	0.3	3.5	4.1	34
665	16/11/19	18.664	0.21	13.3	0.32	3.8	4.7	33
666	16/11/19	18.830	0.22	13.3	0.36	4.1	4.7	39
667	16/11/19	19.000	0.24	13.2	0.35	4.5	5.5	48
668	16/11/19	19.166	0.26	13.3	0.3	5	5.6	46
669	16/11/19	19.333	0.26	13.3	0.35	4.9	5.5	45
670	16/11/19	19.498	0.27	13.3	0.4	4.5	5.1	45
671	16/11/19	19.664	0.29	13.4	0.42	5.2	6.2	50
672	16/11/19	19.830	0.31	13.4	0.47	5.6	6.5	47
673	16/11/19	20.000	0.35	13.4	0.42	4.6	5.1	44
674	16/11/19	20.166	0.37	13.3	0.39	4.3	5.3	59
675	16/11/19	20.333	0.37	13.3	0.47	5.4	6.8	60
676	16/11/19	20.498	0.39	13.3	0.51	5.9	6.6	56
677	16/11/19	20.664	0.4	13.3	0.55	5.3	5.9	54
678	16/11/19	20.830	0.43	13.3	0.57	6	8.3	56
679	16/11/19	21.000	0.46	13.3	0.59	6.8	7.7	49
680	16/11/19	21.166	0.48	13.3	0.58	5.7	6.3	40
681	16/11/19	21.333	0.5	13.4	0.59	6.5	8.6	31
682	16/11/19	21.498	0.52	13.3	0.61	7.7	9.3	42
683	16/11/19	21.664	0.53	13.2	0.67	8.4	10.1	42
684	16/11/19	21.830	0.57	13.1	0.65	7.4	8.7	35
685	16/11/19	22.000	0.58	13.1	0.7	6.9	8.2	42
686	16/11/19	22.166	0.6	13.1	0.73	6.5	8.1	41
687	16/11/19	22.333	0.62	13.2	0.73	7.1	8.6	35
688	16/11/19	22.498	0.65	13.1	0.74	6.6	7.6	39
689	16/11/19	22.664	0.67	13.2	0.78	6.7	9.2	45
690	16/11/19	22.830	0.68	13.2	0.81	6.8	7.7	39
691	16/11/19	23.000	0.7	13.2	0.8	6.9	9	32
692	16/11/19	23.166	0.73	13.3	0.8	6.4	7.6	32
693	16/11/19	23.333	0.73	13.3	0.83	7.1	9.7	36
694	16/11/19	23.498	0.76	13.3	0.84	7.3	8.8	27
695	16/11/19	23.664	0.77	13.3	0.84	8.8	13.4	26
696	16/11/19	23.830	0.79	13.3	0.89	10.6	13.1	27
697	17/11/19	00.000	0.79	13.2	0.95	10.8	13.6	26
698	17/11/19	00.166	0.81	13.3	0.94	8.9	10.6	23
699	17/11/19	00.333	0.83	13.2	0.9	9.1	11.1	26
700	17/11/19	00.498	0.83	13.2	0.92	10.4	13.8	22
701	17/11/19	00.664	0.85	13.3	0.89	10.6	13.9	31
702	17/11/19	00.830	0.84	13.3	0.89	11.1	14.2	32
703	17/11/19	01.000	0.85	13.3	0.93	10.8	14.2	35
704	17/11/19	01.166	0.87	13.4	0.95	11.4	13.9	36
705	17/11/19	01.333	0.88	13.5	0.93	11.1	13	36
706	17/11/19	01.498	0.88	13.9	0.97	11.1	13.6	34
707	17/11/19	01.664	0.89	13.8	0.98	11.3	14.2	33
708	17/11/19	01.830	0.9	13.8	1	11.2	12.4	36
709	17/11/19	02.000	0.91	13.9	1	9.2	10.9	42
710	17/11/19	02.166	0.92	14.1	1.05	12	15.3	38
711	17/11/19	02.333	0.94	14.1	1.03	12.3	14.6	42
712	17/11/19	02.498	0.96	14.3	1.05	12.3	14.8	40
713	17/11/19	02.664	0.96	14.3	1.07	10.9	12.7	39
714	17/11/19	02.830	0.98	14.1	1.05	9.9	12	42
715	17/11/19	03.000	1	14.2	1.05	10.4	12	41
716	17/11/19	03.166	1.01	14.5	1.05	7.9	8.9	42
717	17/11/19	03.333	1.02	14.6	1.06	6.4	7.5	45
718	17/11/19	03.498	1.03	14.7	1.04	4.8	5.3	41
719	17/11/19	03.664	1.02	14.7	1.03	5.6	13.2	139
720	17/11/19	03.830	1.02	14.6	1.02	11.4	14.1	173
721	17/11/19	04.000	1.05	14.7	1.05	11.4	13.9	174
722	17/11/19	04.166	1.05	14.7	1.05	10	11.2	180
723	17/11/19	04.333	1.06	14.7	1.04	9.2	10.3	191
724	17/11/19	04.498	1.05	14.7	1.05	9	10	191
725	17/11/19	04.664	1.05	14.7	1.05	6.7	6.5	171
726	17/11/19	04.830	1.05	14.6	0.99	5.6	6.2	133
727	17/11/19	05.000	1.04	14.6	0.9	5	5.7	159
728	17/11/19	05.166	1.01	14.6	0.88	4.6	5.7	191
729	17/11/19	05.333	0.99	14.6	0.9	4.9	5.5	245
730	17/11/19	05.498	0.95	14.6	0.94	4.1	4.9	252
731	17/11/19	05.664	0.94	14.5	0.97	4.4	6	241
732	17/11/19	05.830	0.94	14.5	1	4.7	6.1	233
733	17/11/19	06.000	0.94	14.5	0.99	4.4	5.1	232
734	17/11/19	06.166	0.93	14.5	0.97	5.6	6.2	258
735	17/11/19	06.333	0.92	14.5	0.93	3.7	3.5	282
736	17/11/19	06.498	0.9	14.5	0.95	2.9	3	321
737	17/11/19	06.664	0.9	14.4	0.93	3.4	4.8	355
738	17/11/19	06.830	0.9	14.3	0.93	4.8	5.8	26
739	17/11/19	07.000	0.89	14.2	0.92	4.7	5.3	32
740	17/11/19	07.166	0.89	14.1	0.96	3.6	4.4	42
741	17/11/19	07.333	0.88	14.1	1.02	3.9	5.2	42
742	17/11/19	07.498	0.89	14	1.06	3.6	4.1	50
743	17/11/19	07.664	0.9	14	1.09	3	3.2	40
744	17/11/19	07.830	0.92	13.9	1.1	3.7	5.3	42
745	17/11/19	08.000	0.94	14	1.12	4.5	5	52
746	17/11/19	08.166	0.97	14.4	1.14	4	5.8	62
747	17/11/19	08.333	1	14.5	1.17	2.3	2.9	276
748	17/11/19	08.498	1.06	14.5	1.22	4.6	13.1	277
749	17/11/19	08.664	1.1	14.5	1.23	8.5	12.9	278
750	17/11/19	08.830	1.12	14.6	1.2	7.9	8.9	299
751	17/11/19	09.000	1.11	14.5	1.21	6.6	8.4	303
752	17/11/19	09.166	1.12	14.5	1.21	7.1	7.9	313
753	17/11/19	09.333	1.14	14.5	1.28	6.9	8.4	323
754	17/11/19	09.498	1.15	14.6	1.27	6.9	8	333
755	17/11/19	09.664	1.17	14.5	1.25	6.2	7.7	350
756	17/11/19	09.830	1.17	14.5	1.29	6.7	8.4	8
757	17/11/19	10.000	1.17	14.5	1.33	5.8	7.5	11
758	17/11/19	10.166	1.19	14.5	1.33	6	6.7	23
759	17/11/19	10.333	1.22	14.6	1.36	5	5.6	40
760	17/11/19	10.498	1.23	14.6	1.43	4.8	5.4	36
761	17/11/19	10.664	1.27	14.6	1.43	4.9	5.8	43
762	17/11/19	10.830	1.28	14.6	1.45	4.8	5.6	45
763	17/11/19	11.000	1.31	14.6	1.46	4.8	6.3	62
764	17/11/19	11.166	1.34	14.6	1.4	5.9	7.1	64
765	17/11/19	11.333	1.37	14.7	1.38	6.1	6.8	75
766	17/11/19	11.498	1.36	14.7	1.4	5.4	6.3	71
767	17/11/19	11.664	1.38	14.7	1.45	5.1	5.9	76
768	17/11/19	11.830	1.39	14.7	1.43	4.9	5.7	90
769	17/11/19	12.000	1.41	14.7	1.46	4.7	5.2	100
770	17/11/19	12.166	1.42	14.7	1.45	4.5	6	116
771	17/11/19	12.333	1.44	14.7	1.49	8.9	11.2	134
772	17/11/19	12.498	1.43	14.7	1.51	8.7	14.5	146
773	17/11/19	12.664	1.45	14.7	1.53	14.2	17.5	156
774	17/11/19	12.830	1.48	14.7	1.53	13.9	17	156
775	17/11/19	13.000	1.49	14.7	1.44	14.6	16.7	157
776	17/11/19	13.166	1.5	14.7	1.35	14.5	15.5	150
777	17/11/19	13.333	1.48	14.7	1.29	12.7	14.9	149
778	17/11/19	13.498	1.47	14.7	1.36	12.6	15	156
779	17/11/19	13.664	1.47	14.7	1.26	13.4	16.1	150
780	17/11/19	13.830	1.45	14.7	1.21	12.4	14.9	155
781	17/11/19	14.000	1.41	14.7	1.18	11.7	14.3	158
782	17/11/19	14.166	1.37	14.7	1.19	11.5	13.5	158
783	17/11/19	14.333	1.34	14.7	1.22	10.1	11.8	155
784	17/11/19	14.498	1.31	14.7	1.26	10.8	13	161
785	17/11/19	14.664	1.3	14.7	1.16	10.4	12	158
786	17/11/19	14.830	1.28	14.7	1.18	10	10.9	162
787	17/11/19	15.000	1.24	14.7	1.15	9.7	11.2	162
788	17/11/19	15.166	1.22	14.7	1.09	10.2	11.9	165
789	17/11/19	15.333	1.2	14.7	1.1	10.5	12.3	167
790	17/11/19	15.498	1.16	14.6	1.02	9.2	10.6	168
791	17/11/19	15.664	1.15	14.6	1.07	8.9	10.2	172
792	17/11/19	15.830	1.12	14.6	1.05	8.5	9.4	180
793	17/11/19	16.000	1.11	14.5	0.99	7.7	8.8	187
794	17/11/19	16.166	1.07	14.5	0.94	7.7	9.3	188
795	17/11/19	16.333	1.04	14.5	0.86	7.6	8.8	194
796	17/11/19	16.498	1.01	14.4	0.75	8.1	10.8	200
797	17/11/19	16.664	0.96	14.4	0.72	7.7	9.6	218
798	17/11/19	16.830	0.93	14.3	0.69	6.4	6.9	223
799	17/11/19	17.000	0.88	14.3	0.66	5.3	5.8	232
800	17/11/19	17.166	0.85	14.2	0.71	4.6	5.5	219
801	17/11/19	17.333	0.83	14.1	0.73	4.3	5	217
802	17/11/19	17.498	0.8	14	0.69	3.7	4.4	220
803	17/11/19	17.664	0.79	13.9	0.67	3.3	3.7	226
804	17/11/19	17.830	0.76	13.8	0.63	4.2	5.8	231
805	17/11/19	18.000	0.74	13.7	0.59	4.7	5.4	237
806	17/11/19	18.166	0.69	13.7	0.53	3.7	4	239
807	17/11/19	18.333	0.68	13.6	0.55	3.7	4.5	242
808	17/11/19	18.498	0.66	13.6	0.55	5.6	7.8	241
809	17/11/19	18.664	0.64	13.6	0.54	7.9	9.7	261
810	17/11/19	18.830	0.62	13.5	0.53	8.4	9.6	264
811	17/11/19	19.000	0.59	13.5	0.53	8.6	9.9	272
812	17/11/19	19.166	0.56	13.5	0.52	8.5	9	277
813	17/11/19	19.333	0.55	13.5	0.52	7.7	8.8	272
814	17/11/19	19.498	0.53	13.5	0.5	7.7	9	273
815	17/11/19	19.664	0.53	13.4	0.47	8.1	9.7	274
816	17/11/19	19.830	0.5	13.4	0.49	8	9.2	278
817	17/11/19	20.000	0.49	13.4	0.51	7.6	9.3	280
818	17/11/19	20.166	0.48	13.4	0.48	7.1	8.7	275
819	17/11/19	20.333	0.47	13.4	0.5	6	7.1	272
820	17/11/19	20.498	0.46	13.4	0.49	6.5	7.8	275
821	17/11/19	20.664	0.45	13.4	0.5	6.4	7.1	273
822	17/11/19	20.830	0.45	13.4	0.45	6	6.4	278
823	17/11/19	21.000	0.45	13.4	0.4	5.5	6	274
824	17/11/19	21.166	0.43	13.5	0.4	5.2	5.9	266
825	17/11/19	21.333	0.41	13.5	0.47	4.6	5.5	263
826	17/11/19	21.498	0.41	13.5	0.46	4.1	4.7	262
827	17/11/19	21.664	0.42	13.5	0.5	4.2	5.1	263
828	17/11/19	21.830	0.41	13.5	0.46	5.3	6.3	259
829	17/11/19	22.000	0.41	13.5	0.46	5.7	6.6	261
830	17/11/19	22.166	0.4	13.5	0.49	5.6	7	258
831	17/11/19	22.333	0.4	13.5	0.55	5.9	6.4	240
832	17/11/19	22.498	0.43	13.4	0.54	6.4	7.7	234
833	17/11/19	22.664	0.45	13.5	0.56	6.6	7.3	225
834	17/11/19	22.830	0.46	13.7	0.54	6.3	7	223
835	17/11/19	23.000	0.47	13.9	0.56	5.8	5.9	218
836	17/11/19	23.166	0.47	13.9	0.6	5.4	5.8	210
837	17/11/19	23.333	0.5	13.9	0.62	5.2	6.1	216
838	17/11/19	23.498	0.52	13.9	0.66	5.2	5.5	213
839	17/11/19	23.664	0.55	13.8	0.62	4.9	5.4	216
840	17/11/19	23.830	0.57	13.8	0.57	5.5	6.4	217
841	18/11/19	00.000	0.58	13.7	0.56	6.6	7.2	222
842	18/11/19	00.166	0.58	13.6	0.61	6.4	7.3	218
843	18/11/19	00.333	0.59	13.6	0.66	6.5	7.3	223
844	18/11/19	00.498	0.62	13.7	0.67	6.3	6.9	229
845	18/11/19	00.664	0.63	13.7	0.68	6	7.4	230
846	18/11/19	00.830	0.65	13.7	0.69	7	7.8	224
847	18/11/19	01.000	0.65	13.7	0.69	6.8	7.3	230
848	18/11/19	01.166	0.65	13.8	0.73	6.7	7.8	224
849	18/11/19	01.333	0.67	13.9	0.74	6.6	7.3	220
850	18/11/19	01.498	0.69	13.9	0.74	6.2	6.7	224
851	18/11/19	01.664	0.71	13.9	0.78	5.1	5.8	232
852	18/11/19	01.830	0.72	13.9	0.78	5.4	6.1	230
853	18/11/19	02.000	0.73	14	0.78	4.7	5.2	229
854	18/11/19	02.166	0.74	14	0.81	4.7	5.4	235
855	18/11/19	02.333	0.76	14	0.77	4.4	5.1	236
856	18/11/19	02.498	0.77	13.9	0.74	4.6	5.8	234
857	18/11/19	02.664	0.77	13.9	0.71	5.3	5.9	242
858	18/11/19	02.830	0.77	13.8	0.72	4.4	5.2	243
859	18/11/19	03.000	0.77	13.7	0.72	6.1	7.2	244
860	18/11/19	03.166	0.77	13.7	0.69	5.7	6.3	238
861	18/11/19	03.333	0.76	13.6	0.72	5.8	6.8	229
862	18/11/19	03.498	0.75	13.6	0.73	5.3	6.3	224
863	18/11/19	03.664	0.75	13.7	0.72	5.6	6.3	233
864	18/11/19	03.830	0.73	13.8	0.7	5.7	6	249



