ora	altezza
04.000	0.38
04.166	0.38
04.333	0.4
04.498	0.41
04.664	0.43
04.830	0.44
05.000	0.47
05.166	0.5
05.333	0.53
05.498	0.56
05.664	0.6
05.830	0.63
06.000	0.67
06.166	0.69
06.333	0.72
06.498	0.75
06.664	0.78
06.830	0.8
07.000	0.83
07.166	0.86
07.333	0.88
07.498	0.91
07.664	0.94
07.830	0.97
08.000	0.99
08.166	1.02
08.333	1.05
08.498	1.09
08.664	1.1
08.830	1.12
09.000	1.15
09.166	1.17
09.333	1.2
09.498	1.21
09.664	1.23
09.830	1.24
10.000	1.25
10.166	1.26
10.333	1.27
10.498	1.26
10.664	1.26
10.830	1.26
11.000	1.25
11.166	1.24
11.333	1.22
11.498	1.2
11.664	1.17
11.830	1.15
12.000	1.11
12.166	1.09
12.333	1.05
12.498	1.02
12.664	0.99
12.830	0.95
13.000	0.91
13.166	0.89
13.333	0.85
13.498	0.83
13.664	0.8
13.830	0.76
14.000	0.73
14.166	0.7
14.333	0.68
14.498	0.64
14.664	0.62
14.830	0.58
15.000	0.55
15.166	0.53
15.333	0.5
15.498	0.48
15.664	0.45
15.830	0.45
16.000	0.44
16.166	0.44
16.333	0.44
16.498	0.43
16.664	0.43
16.830	0.44
17.000	0.45
17.166	0.46
17.333	0.47
17.498	0.5
17.664	0.52
17.830	0.55
18.000	0.58
18.166	0.62
18.333	0.67
18.498	0.72
18.664	0.78
18.830	0.83
19.000	0.86
19.166	0.9
19.333	0.92
19.498	0.95
19.664	0.98
19.830	1.02
20.000	1.05
20.166	1.08
20.333	1.12
20.498	1.17
20.664	1.22
20.830	1.25
21.000	1.28
21.166	1.33
21.333	1.38
21.498	1.43
21.664	1.47
21.830	1.52
22.000	1.56
22.166	1.64
22.333	1.7
22.498	1.74
22.664	1.83
22.830	1.87
23.000	1.81
23.166	1.69
23.333	1.6
23.498	1.54
23.664	1.48
23.830	1.43
00.000	1.36
00.166	1.29
00.333	1.25
00.498	1.21
00.664	1.18
00.830	1.13
01.000	1.08
01.166	1.05
01.333	1.02
01.498	1.02
01.664	0.98
01.830	0.94
02.000	0.89
02.166	0.84
02.333	0.8
02.498	0.76
02.664	0.73
02.830	0.68
03.000	0.65
03.166	0.62
03.333	0.6
03.498	0.59
03.664	0.58
03.830	0.58
04.000	0.58
04.166	0.6
04.333	0.63
04.498	0.66
04.664	0.68
04.830	0.7
05.000	0.75
05.166	0.79
05.333	0.79
05.498	0.81
05.664	0.83
05.830	0.84
06.000	0.87
06.166	0.88
06.333	0.9
06.498	0.9
06.664	0.93
06.830	0.94
07.000	0.99
07.166	1.02
07.333	1.04
07.498	1.07
07.664	1.11
07.830	1.14
08.000	1.17
08.166	1.21
08.333	1.24
08.498	1.26
08.664	1.32
08.830	1.37
09.000	1.4
09.166	1.41
09.333	1.43
09.498	1.44
09.664	1.43
09.830	1.42
10.000	1.4
10.166	1.4
10.333	1.39
10.498	1.38
10.664	1.36
10.830	1.35
11.000	1.32
11.166	1.3
11.333	1.29
11.498	1.28
11.664	1.25
11.830	1.23
12.000	1.22
12.166	1.18
12.333	1.17
12.498	1.13
12.664	1.1
12.830	1.06
13.000	1.03
13.166	0.99
13.333	0.96
13.498	0.91
13.664	0.87
13.830	0.83
14.000	0.8
14.166	0.78
14.333	0.75
14.498	0.72
14.664	0.68
14.830	0.65
15.000	0.62
15.166	0.59
15.333	0.56
15.498	0.54
15.664	0.51
15.830	0.48
16.000	0.45
16.166	0.43
16.333	0.41
16.498	0.38
16.664	0.36
16.830	0.34
17.000	0.32
17.166	0.3
17.333	0.29
17.498	0.27
17.664	0.28
17.830	0.29
18.000	0.31
18.166	0.33
18.333	0.35
18.498	0.38
18.664	0.4
18.830	0.43
19.000	0.45
19.166	0.49
19.333	0.53
19.498	0.56
19.664	0.58
19.830	0.6
20.000	0.61
20.166	0.62
20.333	0.63
20.498	0.64
20.664	0.66
20.830	0.67
21.000	0.68
21.166	0.69
21.333	0.7
21.498	0.71
21.664	0.73
21.830	0.74
22.000	0.75
22.166	0.76
22.333	0.76
22.498	0.77
22.664	0.77
22.830	0.77
23.000	0.77
23.166	0.77
23.333	0.76
23.498	0.77
23.664	0.76
23.830	0.75
00.000	0.74
00.166	0.73
00.333	0.73
00.498	0.72
00.664	0.71
00.830	0.71
01.000	0.7
01.166	0.7
01.333	0.69
01.498	0.68
01.664	0.66
01.830	0.65
02.000	0.64
02.166	0.64
02.333	0.62
02.498	0.6
02.664	0.58
02.830	0.56
03.000	0.55
03.166	0.54
03.333	0.53
03.498	0.52
03.664	0.51
03.830	0.5
04.000	0.5
04.166	0.5
04.333	0.5
04.498	0.51
04.664	0.51
04.830	0.52
05.000	0.53
05.166	0.54
05.333	0.56
05.498	0.58
05.664	0.6
05.830	0.62
06.000	0.64
06.166	0.67
06.333	0.69
06.498	0.71
06.664	0.73
06.830	0.75
07.000	0.77
07.166	0.79
07.333	0.8
07.498	0.82
07.664	0.84
07.830	0.87
08.000	0.89
08.166	0.91
08.333	0.93
08.498	0.96
08.664	0.99
08.830	1.01
09.000	1.03
09.166	1.05
09.333	1.06
09.498	1.07
09.664	1.09
09.830	1.1
10.000	1.11
10.166	1.11
10.333	1.12
10.498	1.13
10.664	1.13
10.830	1.13
11.000	1.13
11.166	1.12
11.333	1.12
11.498	1.12
11.664	1.11
11.830	1.1
12.000	1.08
12.166	1.07
12.333	1.05
12.498	1.03
12.664	1
12.830	0.97
13.000	0.94
13.166	0.9
13.333	0.87
13.498	0.84
13.664	0.81
13.830	0.78
14.000	0.75
14.166	0.72
14.333	0.69
14.498	0.66
14.664	0.64
14.830	0.6
15.000	0.58
15.166	0.55
15.333	0.52
15.498	0.49
15.664	0.46
15.830	0.43
16.000	0.41
16.166	0.38
16.333	0.36
16.498	0.34
16.664	0.31
16.830	0.29
17.000	0.27
17.166	0.25
17.333	0.23
17.498	0.22
17.664	0.2
17.830	0.2
18.000	0.19
18.166	0.18
18.333	0.18
18.498	0.18
18.664	0.19
18.830	0.19
19.000	0.2
19.166	0.21
19.333	0.23
19.498	0.24
19.664	0.27
19.830	0.29
20.000	0.31
20.166	0.34
20.333	0.37
20.498	0.39
20.664	0.42
20.830	0.46
21.000	0.49
21.166	0.52
21.333	0.55
21.498	0.57
21.664	0.6
21.830	0.63
22.000	0.65
22.166	0.68
22.333	0.71
22.498	0.74
22.664	0.76
22.830	0.79
23.000	0.82
23.166	0.84
23.333	0.86
23.498	0.88
23.664	0.89
23.830	0.91
00.000	0.92
00.166	0.93
00.333	0.94
00.498	0.95
00.664	0.95
00.830	0.96
01.000	0.96
01.166	0.96
01.333	0.97
01.498	0.98
01.664	0.97
01.830	0.97
02.000	0.96
02.166	0.96
02.333	0.95
02.498	0.94
02.664	0.93
02.830	0.9
03.000	0.89
03.166	0.88
03.333	0.87
03.498	0.84
03.664	0.82
03.830	0.82
04.000	0.81
04.166	0.8
04.333	0.8
04.498	0.79
04.664	0.78
04.830	0.79
05.000	0.79
05.166	0.8
05.333	0.8
05.498	0.8
05.664	0.81
05.830	0.83
06.000	0.85
06.166	0.87
06.333	0.88
06.498	0.9
06.664	0.92
06.830	0.95
07.000	0.98
07.166	1
07.333	1.03
07.498	1.05
07.664	1.08
07.830	1.12
08.000	1.14
08.166	1.16
08.333	1.18
08.498	1.22
08.664	1.25
08.830	1.27
09.000	1.3
09.166	1.32
09.333	1.33
09.498	1.37
09.664	1.39
09.830	1.41
10.000	1.44
10.166	1.45
10.333	1.46
10.498	1.48
10.664	1.5
10.830	1.51
11.000	1.52
11.166	1.53
11.333	1.53
11.498	1.53
11.664	1.54
11.830	1.53
12.000	1.52
12.166	1.51
12.333	1.5
12.498	1.49
12.664	1.46
12.830	1.45
13.000	1.42
13.166	1.39
13.333	1.36
13.498	1.34
13.664	1.31
13.830	1.29
14.000	1.26
14.166	1.22
14.333	1.18
14.498	1.15
14.664	1.1
14.830	1.05
15.000	1.01
15.166	0.99
15.333	0.96
15.498	0.93
15.664	0.9
15.830	0.87
16.000	0.84
16.166	0.82
16.333	0.79
16.498	0.78
16.664	0.76
16.830	0.73
17.000	0.72
17.166	0.71
17.333	0.69
17.498	0.67
17.664	0.66
17.830	0.65
18.000	0.65
18.166	0.65
18.333	0.63
18.498	0.63
18.664	0.61
18.830	0.6
19.000	0.61
19.166	0.61
19.333	0.6
19.498	0.61
19.664	0.6
19.830	0.62
20.000	0.64
20.166	0.64
20.333	0.66
20.498	0.68
20.664	0.69
20.830	0.72
21.000	0.74
21.166	0.78
21.333	0.81
21.498	0.84
21.664	0.86
21.830	0.88
22.000	0.91
22.166	0.96
22.333	0.98
22.498	1.01
22.664	1.03
22.830	1.07
23.000	1.09
23.166	1.11
23.333	1.13
23.498	1.15
23.664	1.14
23.830	1.15
00.000	1.15

